function [ probability ] = core_process( i,j,time )

% breast cancer progression without intervention
% P_K =: transition from age K to (K+0.5year)

P_25 = [   0.999643	7.58813e-005	1.46251e-006	0	0	0.000279349;
	   0		0.976564	0.0231566	0	0	0.000279349;
	   0		0		0.96096		0	0	0.0390404;
	   0		0		0		1	0	0;
	   0		0		0		0	1	0;
	   0		0		0		0	0	1];	

P_25_5 = [ 0.99962	8.71745e-005	8.55334e-007	0	0	0.000291803;
              0		0.974808        0.0249003       0	0	0.000291803;
              0		0               0.942848        0	0	0.0571521;
              0		0               0           	1	0	0;
              0		0               0               0	1	0;
              0		0               0               0	0	1];	

P_26 = [   0.999598	9.79122e-005	9.59684e-007	0	0	0.000303089;
	   0		0.974906	0.0247915	0	0	0.000303089;
  	   0		0		0.944643	0	0	0.0553566;
	   0		0		0		1	0	0;
	   0		0		0		0	1	0;
	   0		0		0		0	0	1];	

P_26_5 = [ 0.999583	0.000111219	2.20369e-006	0	0	0.000303235;
	   0		0.976552	0.0231447	0	0	0.000303235;
	   0		0		0.954848	0	0	0.0451518;
	   0		0		0		1	0	0;
	   0		0		0		0	1	0;
	   0		0		0		0	0	1];	

P_27 = [   0.999551	0.000126926	1.72671e-006	0	0	0.000320634;
	   0		0.979117	0.0202313	0	0	0.000651961;
	   0		0		0.967523	0	0	0.0324774;
	   0		0		0		1	0	0;
	   0		0		0		0	1	0;
	   0		0		0		0	0	1];		

P_27_5 = [ 0.99954	0.000146007	1.69092e-006	0	0	0.000312172
 	   0		0.976392	0.0232958	0	0	0.000312172;
	   0		0		0.942206	0	0	0.0577936;
	   0		0		0		1	0	0;
	   0		0		0		0	1	0;
	   0		0		0		0	0	1];		

P_28 = [   0.999502	0.000168227	2.19176e-006	0	0	0.000327808;
  	   0		0.980543	0.0191287	0	0	0.000327808;
	   0		0		0.951296	0	0	0.0487036;
	   0		0		0		1	0	0;
	   0		0		0		0	1	0;
	   0		0		0		0	0	1];		

P_28_5 = [ 0.999505	0.000177697	4.00714e-006	0	0	0.000313416;
	   0		0.977592	0.0220947	0	0	0.000313416;
	   0		0		0.944475	0	0	0.0555253;
	   0		0		0		1	0	0;
	   0		0		0		0	1	0;
	   0		0		0		0	0	1];		

P_29 = [   0.999451	0.000203148	3.62897e-006	0	0	0.000341998;
	   0		0.976004	0.0236543	0	0	0.000341998;
	   0		0		0.947855	0	0	0.0521449;
	   0		0		0		1	0	0;
	   0		0		0		0	1	0;
	   0		0		0		0	0	1];		

P_29_5 = [ 0.999423	0.000227974	4.26395e-006	0	0	0.000344992;
	   0		0.978707	0.0208717	0	0	0.000420761;
	   0		0		0.950779	0	0	0.0492209;
	   0		0		0		1	0	0;
	   0		0		0		0	1	0;
	   0		0		0		0	0	1];		

P_30 = [   0.999384	0.000250984	3.63992e-006	0	0	0.000361152
	   0		0.979792	0.0196855	0	0	0.000522574
	   0		0		0.942728	0	0	0.0572719
	   0		0		0		1	0	0;
	   0		0		0		0	1	0;
	   0		0		0		0	0	1];		

P_30_5 = [ 0.999361	0.0002786	4.21682e-006	0	0	0.000356218;
	   0		0.976003	0.0236411	0	0	0.000356218;
	   0		0		0.95359		0	0	0.0464095;
	   0		0		0		1	0	0;
	   0		0		0		0	1	0;
	   0		0		0		0	0	1];		

P_31 = [   0.999322	0.000303229	4.23869e-006	0	0	0.000371026;
	   0		0.978544	0.0210847	0	0	0.000371026;
	   0		0		0.951239	0	0	0.0487615;
	   0		0		0		1	0	0;
	   0		0		0		0	1	0;
	   0		0		0		0	0	1];
		
P_31_5 = [ 0.999294	0.000333078	5.89824e-006	0	0	0.000367092;
	   0		0.979581	0.0200516	0	0	0.000367092;
	   0		0		0.950217	0	0	0.0497831;
	   0		0		0		1	0	0;
	   0		0		0		0	1	0;
	   0		0		0		0	0	1];		

P_32 = [   0.999243	0.000357171	6.43543e-006	0	0	0.000393776;
 	   0		0.97747		0.0219879	0	0	0.000542052;
	   0		0		0.942478	0	0	0.0575221;
	   0		0		0		1	0	0;
	   0		0		0		0	1	0;
	   0		0		0		0	0	1];		

P_32_5 = [ 0.999207	0.000390437	6.34303e-006	0	0	0.00039659;
	   0		0.976902	0.0227018	0	0	0.00039659;
	   0		0		0.957117	0	0	0.0428833;
	   0		0		0		1	0	0;
	   0		0		0		0	1	0;
	   0		0		0		0	0	1];		

P_33 = [   0.999155	0.00042265	8.99133e-006	0	0	0.000413276;
	   0		0.977075	0.0224866	0	0	0.000438859;
	   0		0		0.952591	0	0	0.0474093;
	   0		0		0		1	0	0;
	   0		0		0		0	1	0;
	   0		0		0		0	0	1];		

P_33_5 = [ 0.999129	0.000452435	7.7808e-006	0	0	0.000410633;
	   0		0.978001	0.021382	0	0	0.000617206;
	   0		0		0.949017	0	0	0.0509831;
	   0		0		0		1	0	0;
	   0		0		0		0	1	0;
	   0		0		0		0	0	1];		

P_34 = [   0.99906	0.000491807	8.93693e-006	0	0	0.000439387;
	   0		0.977646	0.0219148	0	0	0.000439387;
	   0		0		0.947968	0	0	0.0520319;
	   0		0		0		1	0	0;
	   0		0		0		0	1	0;
	   0		0		0		0	0	1];		

P_34_5 = [ 0.999011	0.000537977	9.23531e-006	0	0	0.00044249;
	   0	 	0.977858	0.0216994	0	0	0.00044249;
	   0		0		0.956604	0	0	0.0433959;
	   0		0		0		1	0	0;
	   0		0		0		0	1	0;
	   0		0		0		0	0	1];		

P_35 = [   0.998943	0.000578108	9.56034e-006	0	0	0.000469655;
	   0		0.978472	0.0210582	0	0	0.000469655;
	   0		0		0.954733	0	0	0.045267;
	   0		0		0		1	0	0;
	   0		0		0		0	1	0;
	   0		0		0		0	0	1];		

P_35_5 = [ 0.998925	0.000599125	1.11715e-005	0	0	0.000464687;
 	   0		0.977469	0.0220668	0	0	0.000464687;
	   0		0		0.949091	0	0	0.0509087;
	   0		0		0		1	0	0;
	   0		0		0		0	1	0;
	   0		0		0		0	0	1];		

P_36 =  [  0.998825	0.000655235	1.16183e-005	0	0	0.00050856;
	   0		0.978407	0.0210846	0	0	0.00050856;
	   0		0		0.947749	0	0	0.052251;
	   0		0		0		1	0	0;
	   0		0		0		0	1	0;
	   0		0		0		0	0	1];		

P_36_5 = [ 0.998782	0.000707521	1.40608e-005	0	0	0.000496818;
	   0		0.97865		0.0207859	0	0	0.000564477;
	   0		0		0.950301	0	0	0.0496991;
	   0		0		0		1	0	0;
	   0		0		0		0	1	0;
	   0		0		0		0	0	1];		

P_37 = [   0.998699	0.000748442	1.41793e-005	0	0	0.000538419;
  	   0		0.978283	0.0211784	0	0	0.000538419;
	   0		0		0.949491	0	0	0.0505091;
	   0		0		0		1	0	0;
	   0		0		0		0	1	0;
	   0		0		0		0	0	1];		

P_37_5 = [ 0.998669	0.000795942	1.39258e-005	0	0	0.000521217;
	   0		0.978085	0.0213937	0	0	0.000521217;
	   0		0		0.948977	0	0	0.0510234;
	   0		0		0		1	0	0;
	   0		0		0		0	1	0;
	   0		0		0		0	0	1];		

P_38 = [   0.998561	0.000847318	1.59093e-005	0	0	0.000575196;
     	   0		0.9784		0.0209269	0	0	0.000673422;
	   0		0		0.953339	0	0	0.0466611;
	   0		0		0		1	0	0;
	   0		0		0		0	1	0;
	   0		0		0		0	0	1];		

P_38_5 = [ 0.998508	0.000901388	1.67595e-005	0	0	0.000574061;
	   0		0.978373	0.0210527	0	0	0.000574061;
	   0		0		0.955725	0	0	0.0442753;
	   0		0		0		1	0	0;
	   0		0		0		0	1	0;
	   0		0		0		0	0	1];		

P_39 = [   0.998436	0.00094434	1.55305e-005	0	0	0.000603719;
	   0		0.977488	0.021908	0	0	0.000603719;
	   0		0		0.949445	0	0	0.0505548;
	   0		0		0		1	0	0;
	   0		0		0		0	1	0;
	   0		0		0		0	0	1];		

P_39_5 = [ 0.998367	0.00100675	1.57329e-005	0	0	0.000610325;
	   0		0.977659	0.0217312	0	0	0.000610325;
	   0		0		0.953068	0	0	0.046932;
	   0		0		0		1	0	0;
	   0		0		0		0	1	0;
	   0		0		0		0	0	1];		

P_40   = [   0.99876655   0.00038476   0.00018522   0.00000000   0.00000000   0.00066347;
             0.00000000   0.94378241   0.05531889   0.00000000   0.00000000   0.00089871;
             0.00000000   0.00000000   0.94197140   0.00000000   0.00000000   0.05802860;
             0.00000000   0.00000000   0.00000000   1.00000000   0.00000000   0.00000000;
             0.00000000   0.00000000   0.00000000   0.00000000   1.00000000   0.00000000;
             0.00000000   0.00000000   0.00000000   0.00000000   0.00000000   1.00000000];

P_40_5 = [   0.99872363   0.00041518   0.00019644   0.00000000   0.00000000   0.00066475;
             0.00000000   0.94396948   0.05506516   0.00000000   0.00000000   0.00096536;
             0.00000000   0.00000000   0.94188045   0.00000000   0.00000000   0.05811955;
             0.00000000   0.00000000   0.00000000   1.00000000   0.00000000   0.00000000;
             0.00000000   0.00000000   0.00000000   0.00000000   1.00000000   0.00000000;
             0.00000000   0.00000000   0.00000000   0.00000000   0.00000000   1.00000000];

